-0.024523 0.402624 1
-0.110124 0.450632 1
-0.367954 0.387586 1
-0.365045 0.418373 1
-0.037836 0.188997 1
-0.357845 0.365475 1
0.061514 0.207353 1
-0.236732 0.335348 1
-0.250213 0.335327 1
-0.084333 0.398980 1
0.013118 0.306901 1
-0.099042 0.231427 1
0.080882 0.325178 1
-0.356782 0.463533 1
-0.125921 0.093424 1
-0.403131 0.362852 1
-0.046907 0.259425 1
-0.387634 0.496005 1
-0.132198 0.196271 1
-0.124328 0.184301 1
-0.083193 0.074587 1
-0.197408 0.452044 1
0.125158 0.301664 1
-0.240771 0.229025 1
-0.077142 0.398115 1
-0.033935 0.155362 1
-0.456588 0.392202 1
-0.384943 0.471941 1
-0.356470 0.481705 1
-0.155970 0.303180 1
-0.015580 0.186729 1
0.202341 0.365013 1
0.034760 0.459550 1
-0.110987 0.311641 1
-0.175482 0.386815 1
0.048255 0.359192 1
0.018713 0.497184 1
-0.044217 0.208289 1
0.246716 0.497894 1
-0.399931 0.306423 1
-0.248753 0.190988 1
-0.288872 0.296583 1
-0.155329 0.242978 1
0.128942 0.275060 1
-0.259000 0.361102 1
0.006318 0.378473 1
-0.154092 0.349678 1
-0.375427 0.336053 1
-0.348690 0.275813 1
0.200103 0.425382 1
0.012799 0.423049 1
-0.122885 0.355601 1
-0.133750 0.495895 1
-0.056249 0.492029 1
0.034683 0.180996 1
0.053833 0.306882 1
-0.028622 0.324375 1
-0.058557 0.090504 1
-0.335616 0.331593 1
0.216692 0.430444 1
-0.010582 0.316694 1
-0.312211 0.427058 1
-0.300211 0.338640 1
-0.021935 0.186233 1
-0.182231 0.185814 1
-0.028027 0.097118 1
0.213320 0.416560 1
-0.073445 0.464197 1
-0.347594 0.428083 1
-0.203466 0.330517 1
-0.102112 0.283432 1
-0.149344 0.494531 1
0.093258 0.278352 1
0.011949 0.104939 1
-0.101116 0.169106 1
-0.347995 0.279910 1
-0.334682 0.358536 1
-0.078022 0.126972 1
0.246909 0.485507 1
0.071619 0.273108 1
0.050505 0.165885 1
-0.042014 0.098216 1
-0.053822 0.218045 1
-0.061285 0.287384 1
-0.012904 0.207676 1
-0.067365 0.075019 1
-0.481085 -0.094522 1
-0.335512 -0.041408 1
-0.441412 0.306304 1
-0.405762 -0.002759 1
-0.359636 0.070661 1
-0.396220 -0.189900 1
-0.274209 -0.090467 1
-0.478142 -0.017110 1
-0.411069 -0.085314 1
-0.452933 0.329984 1
-0.371734 0.184405 1
-0.131702 0.088434 1
-0.348028 -0.210342 1
-0.493328 0.088996 1
-0.441893 -0.451224 1
-0.349033 -0.152630 1
-0.267742 -0.099536 1
-0.127410 -0.088927 1
-0.287335 0.181463 1
-0.273805 0.091281 1
-0.361061 0.017838 1
-0.278958 0.093228 1
-0.473901 0.228371 1
-0.070231 0.032850 1
-0.481703 0.119245 1
-0.128583 0.073258 1
-0.443438 -0.252846 1
-0.220492 -0.100649 1
-0.491387 -0.221674 1
-0.488380 0.289144 1
-0.132562 -0.063201 1
-0.411116 -0.152707 1
-0.248502 -0.167536 1
-0.479790 -0.084592 1
-0.418780 -0.241557 1
-0.368550 -0.193054 1
-0.403604 -0.005271 1
-0.254820 0.037119 1
-0.195795 -0.182368 1
-0.273372 -0.014962 1
-0.453539 0.136266 1
-0.476849 0.025571 1
-0.494939 -0.404078 1
-0.275221 -0.084936 1
-0.326677 0.222108 1
-0.483211 0.060501 1
-0.279058 -0.064186 1
-0.310328 0.089711 1
-0.284100 -0.178774 1
-0.214486 0.078661 1
-0.247591 -0.133719 1
-0.265897 -0.117558 1
-0.344176 -0.259660 1
-0.314957 0.152578 1
-0.435554 0.124603 1
-0.302124 -0.005008 1
-0.413353 -0.094193 1
-0.461871 -0.025032 1
-0.419418 -0.216398 1
-0.051730 0.017749 1
-0.371960 -0.030105 1
-0.217923 0.127049 1
-0.307767 0.011602 1
-0.464707 -0.193351 1
-0.232330 -0.179813 1
-0.283188 0.013199 1
-0.350127 0.227015 1
-0.333550 0.142246 1
-0.344197 0.183043 1
-0.408429 -0.156029 1
-0.402263 -0.446589 1
-0.397380 0.286381 1
-0.468213 0.259607 1
-0.347352 -0.086688 1
-0.317602 -0.264895 1
-0.339545 0.084232 1
-0.083890 0.027942 1
-0.379884 0.182862 1
-0.490617 -0.343035 1
-0.421177 -0.423010 1
-0.298094 0.179925 1
-0.221278 -0.060480 1
-0.435939 0.201148 1
-0.340901 -0.055639 1
-0.264849 -0.011582 1
-0.249401 -0.004391 1
-0.496199 -0.154169 1
-0.372609 0.094576 1
-0.251508 -0.235506 1
-0.216395 -0.085897 1
-0.194480 0.068210 1
-0.360760 -0.138502 1
0.300798 0.226590 0
0.383637 -0.010708 0
0.397952 -0.194868 0
0.201679 -0.084069 0
0.283289 -0.020403 0
0.181352 0.159856 0
0.269689 0.068606 0
0.397314 -0.150136 0
0.411065 0.120994 0
0.456186 0.222267 0
0.471232 0.334758 0
0.296575 0.091276 0
0.355774 0.017699 0
0.498529 -0.258784 0
0.486213 0.440257 0
0.487174 -0.310446 0
0.327116 -0.022491 0
0.345140 -0.089671 0
0.490985 0.058311 0
0.152752 0.113533 0
0.354308 -0.116318 0
0.132171 0.014686 0
0.152127 0.072001 0
0.248951 0.018409 0
0.123424 0.081570 0
0.417789 -0.213491 0
0.381977 0.421579 0
0.463984 0.347231 0
0.353024 -0.115289 0
0.397181 0.260825 0
0.193173 0.002882 0
0.424206 0.032589 0
0.289577 0.310981 0
0.381442 0.043517 0
0.225988 0.146280 0
0.362401 0.022955 0
0.192093 -0.051924 0
0.458714 0.313997 0
0.346185 0.332890 0
0.498372 -0.342501 0
0.489995 0.031248 0
0.306210 0.036388 0
0.289849 0.091010 0
0.147710 0.103398 0
0.434066 0.444708 0
0.175183 -0.075202 0
0.341395 0.058699 0
0.080615 -0.037453 0
0.285999 0.102904 0
0.358040 0.147241 0
0.274144 0.111712 0
0.363362 -0.201135 0
0.439353 -0.044614 0
0.364636 0.125009 0
0.159480 0.057204 0
0.358295 -0.072359 0
0.453783 0.225997 0
0.454431 -0.052917 0
0.435436 -0.200106 0
0.473084 0.359215 0
0.390242 -0.148632 0
0.496517 0.451189 0
0.444213 0.203110 0
0.469759 0.449490 0
0.395744 -0.052775 0
0.495086 -0.011381 0
0.413720 0.003424 0
0.294013 0.190002 0
0.448061 -0.067496 0
0.487984 0.298836 0
0.197714 0.030875 0
0.246800 0.252654 0
0.382292 0.069783 0
0.477683 -0.210510 0
0.422340 0.484220 0
0.433151 -0.270472 0
0.400073 -0.154410 0
0.441757 -0.168505 0
0.227553 0.053791 0
0.448527 0.373759 0
0.395905 0.387306 0
0.233931 0.200913 0
0.306878 -0.211947 0
0.450119 -0.207304 0
0.297685 -0.130922 0
0.356457 0.056609 0
0.418880 0.356682 0
0.118491 -0.031845 0
0.410182 0.394984 0
0.029981 -0.480610 0
0.391728 -0.365555 0
0.427935 -0.352868 0
0.140344 -0.400785 0
0.039405 -0.424417 0
-0.048788 -0.319873 0
0.106218 -0.418558 0
-0.035195 -0.137943 0
0.041902 -0.054295 0
0.100906 -0.415033 0
0.095667 -0.108573 0
0.100931 -0.433780 0
0.227984 -0.493391 0
0.254662 -0.325259 0
0.160510 -0.435129 0
0.237755 -0.414226 0
0.130263 -0.175901 0
0.009156 -0.487927 0
-0.142492 -0.403565 0
0.397477 -0.452464 0
0.295535 -0.476685 0
0.038406 -0.393812 0
0.357407 -0.369930 0
0.446375 -0.356488 0
-0.111145 -0.494901 0
-0.059513 -0.266301 0
0.360896 -0.325901 0
0.053316 -0.421811 0
0.227787 -0.257932 0
0.491928 -0.363542 0
0.066924 -0.496859 0
0.137812 -0.343349 0
0.115998 -0.101238 0
0.086449 -0.489173 0
-0.161899 -0.342950 0
0.399059 -0.389461 0
0.063300 -0.281840 0
0.440250 -0.407754 0
0.061774 -0.199463 0
-0.134452 -0.335448 0
0.202648 -0.181693 0
0.164048 -0.485444 0
0.104641 -0.389005 0
0.083462 -0.246342 0
0.256934 -0.264815 0
0.419283 -0.443957 0
0.403907 -0.421852 0
0.196229 -0.473984 0
0.176509 -0.439521 0
0.042754 -0.434135 0
-0.171401 -0.329579 0
-0.072406 -0.456242 0
0.242169 -0.239726 0
0.131225 -0.176081 0
-0.068281 -0.460825 0
0.149943 -0.191002 0
0.382018 -0.358638 0
0.180477 -0.183339 0
0.367570 -0.380312 0
-0.123635 -0.412954 0
-0.004369 -0.482617 0
0.052983 -0.084349 0
0.055912 -0.172272 0
0.279489 -0.491432 0
0.103268 -0.154776 0
0.334562 -0.409587 0
-0.121495 -0.448744 0
0.487478 -0.433103 0
0.039107 -0.273892 0
0.069417 -0.214223 0
0.166121 -0.442712 0
0.144397 -0.446815 0
-0.077548 -0.316590 0
0.112042 -0.415007 0
0.242973 -0.331067 0
-0.018749 -0.395076 0
0.259748 -0.364046 0
-0.041396 -0.478883 0
0.285079 -0.415048 0
0.071304 -0.264566 0
0.008103 -0.099752 0
0.186116 -0.408643 0
0.236135 -0.390022 0
0.146332 -0.416385 0
0.497906 -0.437226 0
0.373188 -0.316030 0
0.361757 -0.343447 0
0.042975 -0.471094 0
0.359986 -0.482791 0
0.015957 -0.068874 0
0.272397 -0.291247 0
0.058889 -0.452213 0
-0.098798 -0.314329 0
0.104972 0.230302 0
0.148655 0.328487 0
0.254599 0.429945 0
-0.109164 -0.067603 0
