0.150875 0.380317 1
0.029390 0.473220 1
0.095435 0.077095 1
0.145556 0.084280 1
0.052412 0.239280 1
-0.004156 0.434182 1
0.353415 0.351171 1
-0.008393 0.272847 1
0.271365 0.082637 1
0.198291 0.292378 1
0.234930 0.459911 1
0.129400 0.468680 1
-0.011330 0.441139 1
0.362501 0.072059 1
0.134241 0.139359 1
0.104629 0.255431 1
0.226337 0.176116 1
0.098122 0.088474 1
0.298990 0.462554 1
0.110213 0.070824 1
0.249456 0.115834 1
0.272325 0.111918 1
0.164769 0.336678 1
0.222977 0.127568 1
0.199130 0.385932 1
0.360047 0.090545 1
0.349171 0.352196 1
0.394808 0.316304 1
0.481977 0.444375 1
0.402572 0.301852 1
0.267768 0.403174 1
-0.001196 0.229905 1
0.178024 0.395097 1
0.033917 0.280979 1
0.162994 0.127271 1
0.331833 0.151173 1
0.025507 0.309379 1
0.149911 0.462867 1
0.188406 0.315026 1
0.119051 0.460256 1
0.272421 0.495315 1
0.321638 0.142859 1
0.337718 0.219629 1
0.268041 0.376650 1
0.079926 0.298528 1
0.161135 0.328288 1
0.179061 0.344331 1
0.319976 0.350196 1
0.445243 0.130465 1
0.065922 0.081456 1
0.068897 0.282688 1
0.127867 0.201525 1
0.099418 0.068461 1
0.155542 0.220499 1
0.181876 0.304689 1
0.105839 0.163299 1
0.198554 0.285546 1
0.456519 0.386925 1
0.133419 0.199200 1
0.208627 0.344387 1
0.263113 0.226036 1
0.031136 0.372416 1
0.482575 0.449957 1
0.061780 0.078451 1
0.210570 0.256986 1
0.256227 0.107813 1
0.144099 0.347518 1
0.146047 0.088376 1
0.496501 0.493566 1
0.301732 0.344430 1
0.309291 0.314422 1
0.372572 0.392109 1
0.377221 0.087630 1
0.492047 0.074198 1
0.315858 0.482007 1
0.117257 0.460910 1
0.108914 0.154031 1
0.247332 0.159017 1
0.001578 0.362243 1
0.253641 0.152401 1
-0.006001 0.357482 1
0.441354 0.182319 1
0.456316 0.200708 1
0.211117 0.091244 1
0.020264 0.350014 1
0.135110 0.299747 1
0.178071 0.460255 1
0.091807 0.468001 1
0.463254 0.461486 1
0.483286 0.399149 1
0.160548 0.476654 1
0.310112 0.152723 1
0.031836 0.463004 1
0.164269 0.354813 1
0.438721 0.214921 1
-0.357638 0.199836 1
-0.218950 0.306321 1
-0.264999 0.063077 1
-0.299519 0.490105 1
-0.026971 0.461846 1
-0.320915 0.374716 1
-0.205106 0.130732 1
-0.364095 0.101480 1
-0.041699 0.372284 1
-0.060731 0.283293 1
-0.016218 0.231916 1
-0.036113 0.236476 1
-0.242782 0.126509 1
-0.154240 0.049946 1
-0.111487 0.297327 1
-0.056345 0.391913 1
-0.169856 0.042977 1
-0.378849 0.355648 1
-0.204313 0.417326 1
-0.205628 0.233055 1
-0.079928 0.268009 1
-0.225229 0.299392 1
-0.214326 0.281406 1
-0.457536 0.274006 1
-0.163504 0.469049 1
-0.362178 0.462785 1
-0.399364 0.368299 1
-0.158357 0.302355 1
-0.137750 0.051863 1
-0.220020 0.044069 1
-0.065737 0.047840 1
-0.420911 0.049156 1
-0.195489 0.115856 1
-0.393829 0.097879 1
-0.474065 0.209927 1
-0.359950 0.234316 1
-0.435604 0.163348 1
-0.130316 0.489395 1
-0.322601 0.380512 1
-0.243625 0.251201 1
-0.481698 0.139070 1
-0.232637 0.218406 1
-0.043399 0.306221 1
-0.327106 0.105981 1
-0.059566 0.221363 1
-0.419098 0.378743 1
-0.058784 0.451499 1
-0.433361 0.362032 1
-0.033848 0.368990 1
-0.037836 0.260175 1
-0.143319 0.208818 1
-0.084094 0.309721 1
-0.333282 0.278030 1
-0.011989 0.066763 1
-0.053113 0.329498 1
-0.074402 0.141553 1
-0.177900 0.289157 1
-0.288034 0.062839 1
-0.072858 0.198709 1
-0.242263 0.115135 1
-0.265474 0.145899 1
-0.392441 0.040598 1
-0.197444 0.423533 1
-0.043805 0.430568 1
-0.432799 0.447423 1
-0.176652 0.117342 1
-0.065738 0.299656 1
-0.377125 0.267345 1
-0.128019 0.296604 1
-0.399566 0.208246 1
-0.054718 0.491289 1
-0.198529 0.255029 1
-0.325632 0.062763 1
-0.227894 0.175064 1
-0.152754 0.330324 1
-0.490591 0.411069 1
-0.320858 0.232816 1
-0.082922 0.099087 1
-0.416719 0.048608 1
-0.342323 0.208385 1
-0.373017 0.350206 1
-0.066095 0.371909 1
-0.422312 0.397005 1
-0.052456 0.391253 1
-0.203745 0.352053 1
-0.337820 0.349960 1
-0.273576 0.157639 1
-0.375131 0.499802 1
-0.281571 0.210435 1
-0.223360 0.061407 1
-0.386303 0.257564 1
-0.095622 0.165815 1
-0.490267 0.338866 1
-0.427112 0.403877 1
0.259981 -0.131078 0
0.468328 -0.296063 0
0.337495 -0.366085 0
0.393982 -0.136240 0
0.451441 -0.489214 0
0.292231 -0.321615 0
0.294694 -0.228555 0
0.225777 -0.226772 0
0.350629 -0.383758 0
0.448805 -0.477940 0
0.140478 -0.321828 0
0.296218 -0.488069 0
0.460374 -0.474247 0
0.409283 -0.368821 0
0.159179 -0.297538 0
0.151082 -0.180352 0
0.129945 -0.058073 0
0.451000 -0.264209 0
0.163207 -0.387355 0
0.024790 -0.499510 0
0.274213 -0.463324 0
0.087598 -0.258155 0
0.383843 -0.385890 0
0.448003 -0.372935 0
0.423317 -0.056592 0
0.127918 -0.133488 0
0.286662 -0.043392 0
0.288162 -0.409759 0
0.165426 -0.352269 0
0.116604 -0.106100 0
0.281183 -0.411315 0
0.367589 -0.428333 0
0.053552 -0.353776 0
0.041057 -0.065504 0
0.326905 -0.179699 0
0.303212 -0.272992 0
0.400122 -0.090766 0
0.066149 -0.184239 0
0.158162 -0.321647 0
0.131075 -0.429916 0
0.419973 -0.187297 0
0.306934 -0.189059 0
0.469392 -0.079556 0
0.347314 -0.107192 0
0.278769 -0.295040 0
0.373428 -0.420287 0
0.066825 -0.377538 0
0.307391 -0.171413 0
0.494343 -0.053193 0
0.397008 -0.430794 0
0.291598 -0.476308 0
0.284099 -0.435017 0
0.400269 -0.405938 0
0.308657 -0.318982 0
0.202472 -0.372729 0
0.427812 -0.338787 0
0.484556 -0.374664 0
0.420354 -0.040639 0
0.077811 -0.292781 0
0.079828 -0.262295 0
0.155235 -0.158676 0
0.279338 -0.241841 0
0.172861 -0.345702 0
0.484641 -0.081672 0
0.479447 -0.152212 0
0.302539 -0.277139 0
0.286759 -0.110367 0
0.301206 -0.427335 0
0.049632 -0.155810 0
0.274828 -0.170332 0
0.358557 -0.165690 0
0.491543 -0.341431 0
0.143171 -0.462857 0
0.379758 -0.423778 0
0.488158 -0.149583 0
0.118054 -0.221809 0
0.011418 -0.114488 0
0.246878 -0.204560 0
0.388250 -0.309724 0
0.186784 -0.399050 0
0.306135 -0.420628 0
0.355444 -0.376884 0
0.447156 -0.437151 0
0.481037 -0.061402 0
0.146404 -0.091226 0
0.358607 -0.039211 0
0.044123 -0.303464 0
0.468724 -0.349638 0
0.232638 -0.190759 0
0.143182 -0.225213 0
0.108198 -0.271722 0
0.210944 -0.300376 0
0.397916 -0.498218 0
0.486471 -0.329746 0
0.222288 -0.119152 0
0.259669 -0.281005 0
0.076953 -0.474155 0
0.177042 -0.065705 0
0.242832 -0.180591 0
-0.425160 -0.164499 0
-0.195595 -0.062456 0
-0.355673 -0.334320 0
-0.394669 -0.356285 0
-0.212298 -0.320701 0
-0.067124 -0.128482 0
-0.471945 -0.364825 0
-0.412745 -0.302122 0
-0.002165 -0.206023 0
-0.282702 -0.292661 0
-0.452015 -0.375312 0
-0.184228 -0.348579 0
-0.275659 -0.430377 0
-0.227190 -0.246489 0
-0.452328 -0.294785 0
-0.112931 -0.295284 0
-0.473966 -0.497093 0
-0.485717 -0.282997 0
-0.098613 -0.293500 0
-0.330427 -0.498549 0
-0.048105 -0.268784 0
-0.435567 -0.340434 0
-0.132845 -0.341227 0
-0.436499 -0.266592 0
-0.484068 -0.326249 0
-0.315260 -0.467233 0
-0.185490 -0.429358 0
-0.439341 -0.430697 0
-0.381030 -0.097005 0
-0.358484 -0.185032 0
-0.333004 -0.464075 0
-0.098454 -0.153248 0
-0.277326 -0.297361 0
-0.105349 -0.418711 0
-0.251628 -0.460228 0
-0.236603 -0.267755 0
-0.162577 -0.304919 0
-0.125648 -0.091085 0
-0.147163 -0.491679 0
-0.251826 -0.317078 0
-0.256192 -0.424572 0
-0.062098 -0.052410 0
-0.344404 -0.474247 0
-0.198866 -0.445276 0
-0.052056 -0.213115 0
0.014487 -0.429097 0
-0.199289 -0.186551 0
-0.235923 -0.335139 0
-0.104540 -0.284496 0
-0.175007 -0.333122 0
-0.242099 -0.382665 0
-0.251199 -0.495289 0
-0.307062 -0.164899 0
-0.142026 -0.061146 0
-0.332773 -0.150164 0
-0.291552 -0.150519 0
0.006590 -0.432167 0
-0.161431 -0.400935 0
-0.126835 -0.201273 0
-0.113895 -0.405337 0
-0.225430 -0.411017 0
-0.428371 -0.130793 0
-0.346977 -0.078937 0
-0.060244 -0.178895 0
-0.429197 -0.494435 0
-0.337502 -0.276068 0
-0.039144 -0.185068 0
-0.301391 -0.406975 0
-0.231043 -0.088494 0
-0.226473 -0.126381 0
-0.045906 -0.318556 0
-0.282279 -0.320042 0
-0.455811 -0.264473 0
-0.100745 -0.487247 0
-0.195187 -0.259690 0
-0.113494 -0.262688 0
-0.167572 -0.186026 0
-0.222113 -0.485440 0
-0.459749 -0.101359 0
-0.371647 -0.363428 0
-0.212685 -0.179536 0
-0.276662 -0.365252 0
-0.249974 -0.307777 0
-0.342452 -0.157607 0
-0.030331 -0.378173 0
-0.476353 -0.276860 0
-0.396104 -0.121131 0
-0.417497 -0.365435 0
0.266803 0.097166 0
-0.064559 0.079558 0
